388.5123 -16.4585
-396.6664 -376.8041 413.53
2.740137 3.301636 -6.7521
2.156077 2.597892 2.145294
19
-80.23193 239.4694 -295.2271 66.63217
270.5133 -268.9897 73.5453 71.29546
243.627 -268.1431 140.3104 47.72073
253.4715 -273.7876 -108.3253 49.37881
-216.132 309.3504 92.36375 57.6817
258.4863 -269.4886 107.2498 68.10315
-29.20026 -371.0461 111.4178 58.31968
-270.0427 271.0406 67.4962 76.64334
45.11783 -235.6069 305.6069 64.77567
339.281 188.1013 -21.16944 64.38958
-182.7865 338.2073 56.09555 43.26241
338.8509 -183.5801 49.19617 45.59393
241.5602 -295.7791 -71.45065 73.10509
-335.021 -195.515 21.83213 48.09642
127.8983 343.7384 -128.1708 71.34643
-308.5033 -233.5632 34.86787 67.88978
-9.704285 367.818 -124.7299 54.14452
198.0094 -332.1281 -37.74939 74.85808
246.0387 297.7505 41.84951 55.06269